231,291,304,430,0
232,299,305,438,0
232,298,305,437,0
231,293,304,432,0
233,294,306,433,0
231,289,304,428,0
236,285,309,424,0
237,285,310,424,0
244,283,317,422,0
243,279,316,418,0
247,276,320,415,0
248,269,321,408,0
243,270,316,409,0
233,281,306,420,0
232,278,305,417,0
232,276,305,415,0
234,280,307,419,0
233,282,306,421,0
227,280,300,419,0
233,284,306,423,0
237,283,310,422,0
237,287,310,426,0
237,287,310,426,0
246,275,319,414,0
239,279,312,418,0
240,289,313,428,0
240,292,313,431,0
250,291,323,430,0
250,291,323,430,0
243,288,316,427,0
255,301,328,440,0
255,304,328,443,0
251,312,324,451,0
257,315,330,454,0
247,317,320,456,0
237,322,310,461,0
233,324,306,463,0
221,329,294,468,0
218,331,291,470,0
218,340,291,479,0
214,342,287,481,0
217,344,290,483,0
216,344,289,483,0
218,330,291,469,0
221,320,294,459,0
213,329,286,468,0
203,333,276,472,0
201,332,274,471,0
207,331,280,470,0
203,340,276,479,0
205,337,278,476,0
208,336,281,475,0
208,336,281,475,0
207,340,280,479,0
204,341,277,480,0
192,340,265,479,0
192,340,265,479,0
199,338,272,477,0
200,328,273,467,0
212,321,285,460,0
205,312,278,451,0
211,313,284,452,0
210,305,283,444,0
218,292,291,431,0
224,297,297,436,0
220,298,293,437,0
209,290,282,429,0
209,290,282,429,0
213,286,286,425,0
212,277,285,416,0
217,276,290,415,0
212,268,285,407,0
206,266,279,405,0
210,266,283,405,0
204,263,277,402,0
204,271,277,410,0
213,280,286,419,0
212,279,285,418,0
208,272,281,411,0
210,268,283,407,0
214,263,287,402,0
206,262,279,401,0
196,256,269,395,0
191,253,264,392,0
206,266,279,405,0
202,267,275,406,0
206,263,279,402,0
202,257,275,396,0
202,257,275,396,0
198,268,271,407,0
195,266,268,405,0
200,266,273,405,0
208,271,281,410,0
204,275,277,414,0
210,273,283,412,0
215,279,288,418,0
220,279,293,418,0
222,272,295,411,0
220,275,293,414,0
221,280,294,419,0
223,285,296,424,0
216,276,289,415,0
202,267,275,406,0
204,271,277,410,0
199,270,272,409,0
194,263,267,402,0
196,262,269,401,0
201,254,274,393,0
207,254,280,393,0
213,246,286,385,0
212,244,285,383,0
207,245,280,384,0
199,235,272,374,0
199,235,272,374,0
201,237,274,376,0
193,224,266,363,0
192,226,265,365,0
197,232,270,371,0
196,227,269,366,0
198,227,271,366,0
203,222,276,361,0
202,219,275,358,0
204,216,277,355,0
201,218,274,357,0
202,219,275,358,0
204,219,277,358,0
202,221,275,360,0
203,217,276,356,0
206,212,279,351,0
199,213,272,352,0
196,216,269,355,0
193,227,266,366,0
198,223,271,362,0
197,225,270,364,0
196,223,269,362,0
196,223,269,362,0
200,220,273,359,0
202,224,275,363,0
210,227,283,366,0
214,225,287,364,0
210,220,283,359,0
212,212,285,351,0
217,223,290,362,0
219,229,292,368,0
217,224,290,363,0
215,227,288,366,0
218,221,291,360,0
217,215,290,354,0
220,209,293,348,0
218,203,291,342,0
218,200,291,339,0
215,202,288,341,0
218,201,291,340,0
226,200,299,339,0
229,193,302,332,0
235,195,308,334,0
247,196,320,335,0
240,197,313,336,0
243,198,316,337,0
242,187,315,326,0
247,191,320,330,0
238,190,311,329,0
239,187,312,326,0
234,187,307,326,0
228,183,301,322,0
225,190,298,329,0
223,188,296,327,0
227,184,300,323,0
230,179,303,318,0
222,179,295,318,0
218,177,291,316,0
215,177,288,316,0
228,190,301,329,0
229,175,302,314,0
232,178,305,317,0
225,172,298,311,0
233,168,306,307,0
236,172,309,311,0
235,171,308,310,0
234,172,307,311,0
226,166,299,305,0
232,164,305,303,0
232,167,305,306,0
232,169,305,308,0
237,175,310,314,0
231,175,304,314,0
235,171,308,310,0
235,166,308,305,0
238,158,311,297,0
243,159,316,298,0
243,164,316,303,0
244,164,317,303,0
249,168,322,307,0
249,167,322,306,0
254,174,327,313,0
248,181,321,320,0
249,182,322,321,0
248,181,321,320,0
236,179,309,318,0
236,169,309,308,0
247,156,320,295,0
242,152,315,291,0
244,146,317,285,0
243,145,316,284,0
250,157,323,296,0
246,153,319,292,0
245,152,318,291,0
250,154,323,293,0
247,156,320,295,0
246,154,319,293,0
242,153,315,292,0
241,152,314,291,0
245,156,318,295,0
243,165,316,304,0
246,161,319,300,0
244,159,317,298,0
243,160,316,299,0
244,162,317,301,0
244,159,317,298,0
247,168,320,307,0
239,172,312,311,0
238,172,311,311,0
237,174,310,313,0
238,168,311,307,0
239,171,312,310,0
237,172,310,311,0
245,178,318,317,0
243,181,316,320,0
239,183,312,322,0
241,180,314,319,0
239,184,312,323,0
244,189,317,328,0
240,193,313,332,0
237,195,310,334,0
240,191,313,330,0
239,192,312,331,0
234,183,307,322,0
241,186,314,325,0
246,190,319,329,0
249,193,322,332,0
254,193,327,332,0
261,190,334,329,0
264,188,337,327,0
264,193,337,332,0
256,202,329,341,0
253,203,326,342,0
257,207,330,346,0
258,208,331,347,0
261,211,334,350,0
263,215,336,354,0
262,214,335,353,0
256,203,329,342,0
259,209,332,348,0
258,214,331,353,0
262,214,335,353,0
255,216,328,355,0
256,218,329,357,0
255,221,328,360,0
253,221,326,360,0
251,212,324,351,0
241,213,314,352,0
244,214,317,353,0
246,224,319,363,0
249,215,322,354,0
252,217,325,356,0
252,209,325,348,0
247,210,320,349,0
244,212,317,351,0
243,214,316,353,0
242,218,315,357,0
249,220,322,359,0
247,219,320,358,0
249,219,322,358,0
244,219,317,358,0
243,219,316,358,0
243,219,316,358,0
246,226,319,365,0
245,216,318,355,0
242,220,315,359,0
246,228,319,367,0
252,229,325,368,0
255,220,328,359,0
254,221,327,360,0
254,224,327,363,0
252,224,325,363,0
253,219,326,358,0
255,214,328,353,0
254,223,327,362,0
251,224,324,363,0
261,226,334,365,0
257,230,330,369,0
252,225,325,364,0
259,232,332,371,0
257,234,330,373,0
247,235,320,374,0
253,230,326,369,0
261,228,334,367,0
258,228,331,367,0
258,230,331,369,0
255,231,328,370,0
257,225,330,364,0
258,220,331,359,0
258,219,331,358,0
261,219,334,358,0
249,232,322,371,0
253,226,326,365,0
253,220,326,359,0
257,221,330,360,0
256,228,329,367,0
254,225,327,364,0
257,224,330,363,0
252,229,325,368,0
253,228,326,367,0
260,226,333,365,0
265,222,338,361,0
257,230,330,369,0
255,229,328,368,0
257,232,330,371,0
254,240,327,379,0
257,241,330,380,0
256,240,329,379,0
257,239,330,378,0
261,240,334,379,0
260,232,333,371,0
258,239,331,378,0
263,234,336,373,0
268,231,341,370,0
269,230,342,369,0
266,228,339,367,0
259,225,332,364,0
261,233,334,372,0
262,227,335,366,0
256,232,329,371,0
251,233,324,372,0
255,240,328,379,0
258,232,331,371,0
262,232,335,371,0
266,238,339,377,0
269,237,342,376,0
268,229,341,368,0
267,230,340,369,0
267,233,340,372,0
268,235,341,374,0
264,235,337,374,0
268,221,341,360,0
269,219,342,358,0
274,217,347,356,0
276,217,349,356,0
277,219,350,358,0
271,219,344,358,0
269,218,342,357,0
266,229,339,368,0
261,223,334,362,0
259,220,332,359,0
255,220,328,359,0
268,223,341,362,0
271,226,344,365,0
276,230,349,369,0
277,233,350,372,0
280,233,353,372,0
286,227,359,366,0
290,229,363,368,0
282,229,355,368,0
277,227,350,366,0
275,224,348,363,0
272,225,345,364,0
274,224,347,363,0
283,226,356,365,0
290,224,363,363,0
284,215,357,354,0
